{
  "BAS_gt": 0.28595531370018584,
  "BAS_pred": 0.26196321780398385,
  "div_k": 10.985412109366614,
  "div_k_gt": 11.090579057511558,
  "div_m": 7.7139733588039086,
  "div_m_gt": 7.461348363392315,
  "fid_k": 16.110498917751272,
  "fid_m": 9.3493894737027,
  "num_gt": 147,
  "num_pred": 147
}